# Webalizer V2.01-10 Incremental Data - 05/31/2014 16:29:11
2014 5 31 16 29 11
1832 1159 300 30 50 111 42688999 661 344 0
9 3 103 1 31
26 19 603430 7 12 8
83 64 4008961 32 15 15
19 14 332657 9 12 5
26 17 872403 11 8 8
76 61 2460522 16 28 15
86 63 2966317 21 27 15
238 122 4900991 13 69 16
112 83 3802344 16 20 17
285 156 5738104 34 103 22
23 19 553698 8 7 7
17 10 192760 9 9 6
116 85 3751887 25 31 20
47 22 674126 16 21 11
75 50 1994175 19 24 14
138 114 3390716 20 51 22
69 33 652794 15 31 16
64 29 851887 15 26 13
76 47 1250993 18 31 19
31 15 267825 8 14 7
26 16 677898 10 8 7
12 7 23914 5 7 4
15 11 378620 11 6 6
19 10 142047 10 12 8
9 3 8502 4 7 7
26 18 441313 9 14 9
18 12 356176 10 9 8
21 14 359279 8 12 7
20 14 488796 8 10 7
15 10 235269 8 10 6
21 6 29839 8 14 9
23 15 280756 9 13 10
58 46 2238164 14
43 34 1486517 15
12 7 128250 6
51 34 303239 34
38 26 294848 25
40 29 956536 15
33 17 251541 19
21 12 641904 6
83 56 2170543 24
174 91 3865431 65
149 85 3348772 51
186 124 4020992 58
33 17 669407 15
47 32 1093044 15
227 164 6532497 71
146 75 2839951 45
69 56 1744897 33
76 47 1582619 28
77 21 426354 40
95 65 2753055 25
52 45 1566204 18
51 26 1669653 13
53 39 2016786 15
18 11 87795 11
0
0
0
1159
0
0
0
0
0
91
0
0
49
0
326
0
0
0
0
0
0
207
0
0
0
0
0
0
0
0
0
0
0
0
0
0
0
0
0
0
0
# -urls- 
