# Webalizer V2.01-10 Incremental Data - 04/30/2014 23:04:02
2014 4 30 23 4 2
1371 1017 297 13 43 114 53513139 356 260 0
14 5 52 1 30
17 10 384194 11 6 6
30 19 903387 11 9 9
13 7 165053 6 8 5
18 4 391245 12 7 7
23 19 208143 8 16 7
12 8 352456 5 3 3
41 29 1508274 14 13 10
19 15 627162 7 6 6
79 68 3143966 17 24 14
160 124 8535632 39 22 21
59 46 2778751 18 13 10
67 43 2930043 21 13 10
65 40 2467557 17 23 9
23 17 910944 10 6 6
33 29 1431396 6 7 4
43 36 1842424 10 8 8
70 46 1937441 17 23 12
42 31 1541706 13 13 11
59 36 1799887 15 13 7
6 5 40235 3 5 3
67 55 2668385 12 16 12
77 60 3488438 14 12 12
26 23 1045680 5 8 5
28 19 1068613 12 7 7
86 66 3033413 20 22 19
52 37 2200117 8 14 6
30 27 1252336 9 8 8
34 26 1219599 6 9 6
42 32 1404915 10 13 8
50 40 2231747 14 9 9
0 0 0 0 0 0
65 53 2879909 14
42 35 1722750 7
27 23 1318944 5
25 11 104786 21
31 17 368071 16
36 26 443599 22
50 43 1912665 17
63 41 2267341 15
29 21 864758 12
79 51 2366597 18
74 57 3004362 17
42 34 1881047 6
36 16 997040 11
86 72 3769810 15
18 9 225648 10
31 23 1420436 4
15 8 271242 8
25 18 827697 9
79 54 2555912 29
61 46 2516949 20
153 130 7939125 24
115 87 5649655 19
115 82 4809357 24
74 60 3395439 13
0
0
0
1017
0
0
0
0
0
83
0
0
0
0
52
0
0
0
0
0
0
219
0
0
0
0
0
0
0
0
0
0
0
0
0
0
0
0
0
0
0
# -urls- 
