# Webalizer V2.01-10 Incremental Data - 02/28/2014 22:55:51
2014 2 28 22 55 51
2650 2074 451 12 38 162 120750184 484 399 0
14 1 311 1 28
123 99 5939189 27 18 17
112 101 5354905 19 20 19
1036 873 54772004 168 115 109
118 103 5661510 26 22 17
65 54 2717307 14 13 12
79 68 3055338 17 22 18
31 25 1311661 7 5 5
32 23 749866 11 14 11
15 9 180467 10 9 8
46 33 1366665 12 18 11
16 8 216237 10 7 7
61 27 2385064 21 11 9
40 28 1560135 11 9 8
22 12 746707 7 4 4
15 11 346493 4 7 4
43 32 1349237 10 13 8
57 49 2404184 10 13 12
48 30 1328443 10 18 7
28 19 716958 8 10 7
15 11 374159 8 8 5
22 16 569318 6 8 5
10 6 157686 5 4 4
52 41 1909141 13 16 10
23 17 731857 8 7 4
69 46 1803109 16 19 14
41 22 728985 8 13 9
384 273 20520362 94 44 44
47 38 1793197 14 17 11
0 0 0 0 0 0
0 0 0 0 0 0
0 0 0 0 0 0
45 37 1788457 14
35 22 634556 14
23 14 215824 14
53 40 1689012 18
22 17 953796 4
40 28 1116542 11
27 16 819897 7
60 49 2665223 12
124 69 5850751 18
132 88 6317649 22
125 100 5750789 21
136 103 6289338 23
111 64 4696809 17
149 114 7856270 23
365 295 18173192 51
223 186 10887085 33
249 218 12775777 32
151 125 6823432 26
86 74 4126201 15
101 84 4047423 27
88 72 3410365 21
160 140 7470349 29
69 58 3476261 12
76 61 2915186 20
0
0
0
2074
0
0
0
0
0
175
0
0
0
0
47
0
0
0
0
0
0
354
0
0
0
0
0
0
0
0
0
0
0
0
0
0
0
0
0
0
0
# -urls- 
