# Webalizer V2.01-10 Incremental Data - 03/31/2014 23:06:17
2014 3 31 23 6 17
976 671 205 12 37 100 33239832 274 189 0
4 1 27 1 31
54 41 2098924 23 15 12
6 3 140746 3 1 1
43 35 1632886 7 11 7
39 24 1594087 17 8 8
51 28 1619377 18 13 9
42 28 1013001 13 22 9
29 19 927651 9 9 6
39 34 1885734 9 7 7
32 20 832342 7 10 6
48 40 2109620 8 8 8
45 35 1687703 10 11 8
19 11 410552 9 6 6
27 18 598426 6 14 6
1 0 104763 1 0 0
26 18 711571 6 8 5
14 10 75954 8 10 7
29 23 1192911 8 7 7
9 1 117653 4 2 2
22 16 795256 4 6 3
64 30 2331950 22 16 9
9 6 51088 3 6 3
21 16 794225 6 5 5
13 10 163922 4 7 4
32 21 1390063 10 4 4
67 45 1925756 14 19 13
38 23 1326436 6 4 4
46 39 1389225 12 19 10
27 12 1126004 14 5 5
34 27 1330209 7 9 6
38 31 1806691 8 6 6
12 7 55106 4 6 3
16 9 293978 7
15 11 372681 8
50 37 1196872 21
40 32 810007 22
31 24 188576 24
17 13 213574 10
17 7 169742 8
41 29 1135084 16
30 11 1050485 4
72 48 2543361 21
59 46 2258552 14
79 36 3485443 11
18 13 553549 5
26 19 1050002 3
45 36 1598892 11
84 61 3170508 17
47 34 1456266 13
38 28 1686973 8
28 18 991837 5
16 7 393599 5
38 32 1691666 8
53 38 2103457 8
36 24 1511992 10
80 58 3312736 15
0
0
0
671
0
0
0
0
0
78
0
0
0
0
41
0
0
0
0
0
0
186
0
0
0
0
0
0
0
0
0
0
0
0
0
0
0
0
0
0
0
# -urls- 
