# Webalizer V2.01-10 Incremental Data - 01/31/2014 22:49:12
2014 1 31 22 49 12
2036 1168 221 25 41 147 63348675 428 248 0
69 21 161 17 31
0 0 0 0 0 0
0 0 0 0 0 0
0 0 0 0 0 0
0 0 0 0 0 0
0 0 0 0 0 0
0 0 0 0 0 0
0 0 0 0 0 0
0 0 0 0 0 0
0 0 0 0 0 0
0 0 0 0 0 0
0 0 0 0 0 0
0 0 0 0 0 0
0 0 0 0 0 0
0 0 0 0 0 0
0 0 0 0 0 0
0 0 0 0 0 0
31 6 409338 2 11 2
4 0 2270 3 3 3
13 0 7300 7 7 6
13 0 6651 7 7 6
100 34 2093276 7 31 10
182 64 5186138 26 36 12
284 132 6796705 22 58 17
218 37 1443560 10 41 10
80 56 2970593 6 11 7
33 28 1174329 6 11 6
36 21 907517 8 7 7
66 47 2274230 10 14 12
56 29 1115306 11 15 13
531 420 24470623 95 92 76
389 294 14490839 69 84 61
64 33 1364920 15
71 30 1542803 10
3 2 15721 2
2 0 1179 1
12 9 509553 3
17 3 144659 12
2 1 8996 1
25 19 1027469 4
77 18 994778 11
200 114 9365625 25
272 184 9243902 61
117 91 4786731 23
46 10 472671 14
120 87 4950423 20
53 38 1910759 14
192 141 6955740 60
119 69 3810044 20
226 63 3533499 39
58 52 2898493 8
84 40 1672445 26
68 52 2370151 16
86 32 1783617 17
60 30 1351415 14
62 50 2633082 12
0
0
0
1168
0
0
0
0
0
80
0
6
3
0
521
0
0
0
0
0
0
256
0
0
0
0
0
0
0
0
0
0
0
0
0
2
0
0
0
0
0
# -urls- 
