# Webalizer V2.01-10 Incremental Data - 06/30/2014 23:46:21
2014 6 30 23 46 21
820 519 206 37 32 90 13097394 399 247 0
14 3 34 1 30
22 14 576385 13 8 8
16 9 405024 8 6 6
23 19 395530 6 12 7
18 13 489140 8 6 5
23 10 84947 8 19 7
5 4 66832 4 3 3
18 12 264683 10 12 8
37 20 992105 17 16 15
61 46 1155743 17 23 14
14 8 307954 10 6 6
17 10 29329 7 11 7
16 7 210432 8 5 4
63 40 1230814 18 23 12
18 11 499987 9 8 6
33 23 535897 19 19 15
43 30 727101 12 17 9
21 16 319212 7 11 7
18 12 236725 3 5 3
39 21 404216 8 15 6
18 14 257680 9 11 9
18 12 36049 6 13 7
10 6 251595 6 5 4
8 6 17241 3 6 3
64 25 995725 16 41 12
21 15 293028 12 11 8
37 28 613860 13 15 12
33 24 286612 12 24 14
11 9 254361 6 6 5
49 22 336927 12 22 14
46 33 822260 14 20 11
0 0 0 0 0 0
7 3 115951 5
13 5 246990 6
20 13 216195 9
25 19 121898 18
39 25 203900 27
39 31 778413 18
20 13 111501 12
23 10 201998 14
24 17 419620 11
32 26 1134820 11
46 23 632544 18
61 32 1045458 20
58 40 1114888 19
32 18 234656 23
49 34 827321 20
40 34 806526 12
80 52 834399 45
76 36 1220846 45
19 7 432614 8
32 23 421497 13
23 15 351215 13
24 20 911910 7
31 18 705142 19
7 5 7092 6
0
0
0
519
0
0
0
0
0
28
0
1
7
0
93
0
0
0
0
0
0
172
0
0
0
0
0
0
0
0
0
0
0
0
0
0
0
0
0
0
0
# -urls- 
